0.048455
0.017246
0.006322
0.007173
0.007707
0.003419
0.070605
0.008603
0.009967
0.003440
0.006913
0.003037
0.006257
0.018682
0.017366
0.024579
0.006525
0.004218
0.015958
0.018344
0.000253
0.063815
0.057811
0.000494
0.001470
0.004617
0.018651
0.031692
0.004946
0.001196
0.006547
0.004364
0.017302
0.025657
0.021791
0.019977
0.009782
0.015029
0.020014
0.074483
0.000001
0.003607
0.000841
0.022435
0.000720
0.010425
0.013896
0.006908
0.003034
0.002676
0.011498
0.014980
0.003762
0.003137
0.006518
0.008842
0.018057
0.007510
0.010495
0.017496
0.029142
0.006204
0.017381
0.001776
0.002441
0.047582
0.044399
0.006190
0.034914
0.014642
0.019975
0.001179
0.012550
0.008703
0.035173
0.025722
0.037140
0.011777
0.000827
0.001544
0.001689
0.031015
0.001365
0.003241
0.007252
0.012851
0.001817
0.002099
0.030890
0.040841
0.001206
0.009791
0.038728
0.016640
0.021016
0.026623
0.012753
0.002910
0.010795
0.007494
0.000883
0.007393
0.014396
0.006317
0.044163
0.037317
0.000694
0.011703
0.011211
0.014168
0.002770
0.001301
0.003538
0.010477
0.002820
0.005960
0.011860
0.008492
0.069249
0.047203
0.046379
0.003824
0.010327
0.039703
0.012153
0.055278
0.014302
0.015787
0.034591
0.030616
0.005545
0.006845
0.014395
0.011764
0.074080
0.023114
0.010116
0.002708
0.001314
0.004214
0.017073
0.027823
0.005888
0.020820
0.017147
0.015808
0.000598
0.001599
0.004363
0.013366
0.011612
0.015316
0.019784
0.013891
0.013771
0.001210
0.023398
0.016924
0.034451
0.019943
0.010364
0.020548
0.005731
0.001799
0.057412
0.042616
0.030589
0.026497
0.011774
0.000853
0.013598
0.021712
0.012315
0.024273
0.023523
0.020130
0.021558
0.006184
0.064415
0.003253
0.005340
0.001036
0.002036
0.000937
0.039444
0.001223
0.012674
0.008721
0.032166
0.016285
0.002096
0.010523
0.018195
0.037796
0.018343
0.054598
0.001410
0.050293
0.051420
0.005002
0.082047
0.050070
0.001476
0.000250
0.009688
0.006494
0.002692
0.003676
0.037843
0.017254
0.031005
0.011164
0.010270
0.013042
0.004603
0.031081
0.014403
0.002212
0.017178
0.016828
0.003330
0.020337
0.013156
0.001478
0.051100
0.048171
0.002688
0.012973
0.029299
0.005560
0.010813
0.007282
0.100481
0.001758
0.000162
0.020599
0.029342
0.026442
0.010375
0.026467
0.023861
0.013818
0.020154
0.005816
0.021753
0.023913
0.002131
0.011140
0.006941
0.033830
0.004960
0.040841
0.004947
0.010183
0.010494
0.030936
0.105666
0.041247
0.008990
0.026577
0.002451
0.050570
0.020123
0.015930
0.088996
0.047345
0.000477
0.014891
0.004043
0.027460
0.037659
0.006317
0.050190
0.000375
0.025980
0.006965
0.002478
0.061018
0.020124
0.006449
