0.013226
0.001190
0.013819
0.002733
0.002147
0.002470
0.013325
0.004821
0.000245
0.003368
0.003477
0.005028
0.020210
0.022007
0.002507
0.001024
0.014055
0.005254
0.050654
0.020584
0.000005
0.016661
0.006690
0.024590
0.007045
0.023191
0.002544
0.008979
0.006754
0.027919
0.011453
0.010381
0.052713
0.022450
0.001841
0.004732
0.013433
0.001530
0.018055
0.009921
0.006592
0.009403
0.008260
0.001931
0.008835
0.017457
0.038621
0.038455
0.001783
0.002986
0.001028
0.010298
0.013365
0.027473
0.006879
0.009677
0.003113
0.014820
0.005384
0.023698
0.037231
0.000595
0.016675
0.000016
0.005949
0.003771
0.002096
0.010917
0.001387
0.006142
0.006055
0.020731
0.006430
0.001693
0.001896
0.015236
0.040317
0.006844
0.027311
0.009446
0.002699
0.006230
0.011681
0.001467
0.002785
0.002813
0.006630
0.013352
0.003324
0.008512
0.024710
0.016100
0.011200
0.000420
0.025699
0.034172
0.017938
0.002122
0.001040
0.000955
0.016038
0.014052
0.009852
0.002728
0.003912
0.023505
0.013726
0.005807
0.003288
0.000553
0.002455
0.014242
0.008060
0.016446
0.001501
0.001227
0.009772
0.006662
0.011371
0.025113
0.021373
0.001622
0.005546
0.000701
0.001348
0.001641
0.021288
0.020112
0.007216
0.007077
0.013000
0.055881
0.001491
0.018790
0.013251
0.032080
0.013377
0.012549
0.027367
0.012295
0.018058
0.003094
0.021847
0.006384
0.042733
0.002849
0.009116
0.003631
0.045085
0.006141
0.010643
0.036430
0.009066
0.010930
0.024146
0.027003
0.011847
0.015561
0.017872
0.002113
0.001144
0.001669
0.041208
0.019333
0.003588
0.012176
0.008391
0.005038
0.011132
0.010045
0.000094
0.000964
0.005940
0.011498
0.002855
0.020914
0.000464
0.029750
0.001368
0.009555
0.002094
0.001539
0.004583
0.020077
0.000427
0.000091
0.016910
0.006051
0.012395
0.004830
0.003795
0.014497
0.017956
0.006291
0.008982
0.006512
0.008287
0.003788
0.002895
0.027301
0.007791
0.019872
0.011515
0.007419
0.003898
0.010810
0.000386
0.002242
0.006895
0.000856
0.010888
0.027934
0.001662
0.015489
0.001905
0.007585
0.007641
0.013112
0.019049
0.023348
0.000432
0.011266
0.003730
0.002824
0.027778
0.009430
0.002085
0.002096
0.009800
0.025633
0.005141
0.002499
0.000669
0.014328
0.004230
0.011535
0.000030
0.011174
0.009289
0.021971
0.021729
0.004356
0.039451
0.008309
0.004403
0.006618
0.019762
0.000851
0.003548
0.027606
0.001551
0.014602
0.001098
0.004510
0.000781
0.012683
0.004095
0.034952
0.001593
0.003886
0.009343
0.017525
0.019252
0.033033
0.008717
0.013234
0.006380
0.009191
0.009334
0.007951
0.001168
0.004450
0.064126
0.003912
0.013691
0.010693
0.007688
0.010908
0.005545
0.030156
