0.111433
0.304649
0.302873
0.304579
0.0468697
0.111394
0.292801
0.298809
0.301255
0.0454245
0.114787
0.30338
0.303885
0.288053
0.0483766
0.112592
0.304261
0.297386
0.300775
0.0469767
0.11624
0.293707
0.314393
0.295571
0.0468585
0.11258
0.291075
0.290297
0.296104
0.0453721
0.112546
0.293901
0.298491
0.311066
0.0456901
0.111288
0.313798
0.309243
0.290266
0.0470128
0.11385
0.287413
0.313185
0.296531
0.0469694
0.113482
0.292673
0.306267
0.290823
0.0467739
0.118054
0.305201
0.300239
0.294708
0.0481849
0.117112
0.306729
0.306994
0.285531
0.0471153
0.112929
0.297097
0.302602
0.293972
0.0470457
0.115899
0.3018
0.321847
0.300678
0.0479871
0.11406
0.301181
0.307663
0.298939
0.0462041
0.113049
0.303336
0.304558
0.294021
0.0466104
0.112958
0.300647
0.295934
0.303511
0.0470202
0.112403
0.290831
0.298085
0.302988
0.0462626
0.114071
0.294925
0.299034
0.300771
0.0465111
0.1163
0.317843
0.297789
0.290353
0.0455537
0.110352
0.29318
0.300463
0.287018
0.0455093
0.113811
0.301673
0.30563
0.298579
0.0469799
0.113175
0.301512
0.291979
0.299209
0.0459655
0.110762
0.302517
0.293341
0.302428
0.046944
0.112308
0.295602
0.30036
0.296503
0.0447289
0.109673
0.310363
0.308904
0.293617
0.0473702
0.112378
0.294606
0.298661
0.306166
0.0470813
0.1207
0.348626
0.342125
0.275263
0.0508911
0.110881
0.30323
0.312941
0.309838
0.0486047
0.113098
0.29948
0.303791
0.312806
0.0467426
0.115225
0.268447
0.323487
0.315788
0.0414069
0.113806
0.292965
0.284429
0.298141
0.0479917
0.110854
0.302354
0.290953
0.300676
0.0465287
0.115395
0.302626
0.296515
0.296875
0.0464377
0.11338
0.302684
0.290409
0.312851
0.0472338
0.109154
0.299952
0.299644
0.297285
0.0476725
0.113503
0.304276
0.30156
0.296958
0.0469186
0.112843
0.307687
0.290401
0.296409
0.0474319
0.113472
0.29975
0.306229
0.298502
0.0464712
0.114158
0.312267
0.318128
0.28402
0.0465039
0.113322
0.303417
0.305239
0.307186
0.0467724
0.110103
0.301779
0.308038
0.289027
0.0469657
0.114257
0.296123
0.310899
0.291706
0.0468068
0.121639
0.317946
0.282031
0.322232
0.0488269
0.113039
0.29294
0.302447
0.307398
0.0468912
0.116412
0.292756
0.307221
0.302529
0.0470445
0.107802
0.304206
0.306176
0.30061
0.0454208
0.108711
0.30951
0.293009
0.293724
0.0468103
0.111483
0.289749
0.28961
0.312788
0.046656
0.116941
0.303744
0.297742
0.281
0.0472412
0.112899
0.300287
0.300597
0.301294
0.0466425
0.116346
0.297044
0.294857
0.299698
0.046693
0.11282
0.291784
0.294218
0.301077
0.046024
0.113984
0.301075
0.292334
0.297322
0.0471291
0.111945
0.310243
0.311081
0.322087
0.0479819
0.113467
0.303748
0.302188
0.30816
0.0466338
0.112896
0.299928
0.306745
0.30497
0.0466745
0.113457
0.305327
0.29649
0.293511
0.0468873
0.112022
0.308765
0.300213
0.304342
0.0472996
0.114234
0.29479
0.305516
0.279315
0.0467859
0.114354
0.308622
0.353749
0.290249
0.0424742
0.112195
0.294521
0.299881
0.305139
0.0466949
0.11405
0.293609
0.300298
0.299464
0.0465614
0.111516
0.293335
0.298364
0.297911
0.0467146
0.108942
0.296205
0.304681
0.29907
0.0468644
0.112635
0.295546
0.314075
0.301682
0.0463816
0.112206
0.286859
0.318289
0.298703
0.0463999
0.110426
0.270914
0.288183
0.313043
0.0456144
0.111262
0.304972
0.298234
0.310455
0.0459684
0.114198
0.29708
0.302259
0.315899
0.0460632
0.116151
0.287176
0.283944
0.299889
0.0478544
0.113261
0.312325
0.318374
0.276038
0.0453713
0.113741
0.303449
0.307205
0.308413
0.0462735
0.11384
0.297954
0.2987
0.297623
0.0484003
0.113191
0.297456
0.296131
0.310494
0.0470981
0.112555
0.299156
0.301671
0.296566
0.046294
0.116105
0.270479
0.319013
0.276881
0.0482619
0.112054
0.279652
0.305318
0.299576
0.0453964
0.112862
0.303977
0.291514
0.302762
0.046404
0.111376
0.284014
0.308144
0.28384
0.0464785
0.108988
0.308673
0.306886
0.28709
0.0475974
0.113807
0.295861
0.315496
0.298125
0.0467204
0.116414
0.305597
0.304873
0.295347
0.0450846
0.111277
0.304479
0.288508
0.297852
0.0476589
