0.126678
0.452396
0.442858
0.431032
0.0486492
0.125634
0.408207
0.424879
0.427008
0.0473351
0.128378
0.426306
0.429292
0.40748
0.0507566
0.127052
0.429188
0.422457
0.425933
0.0489951
0.129297
0.418111
0.460265
0.434121
0.0486673
0.128716
0.419729
0.421076
0.420772
0.047573
0.12721
0.430161
0.415871
0.441067
0.0474799
0.123831
0.4345
0.449313
0.417469
0.0495926
0.126779
0.410583
0.443528
0.425075
0.0492362
0.127498
0.426359
0.433745
0.413125
0.0487799
0.133637
0.441692
0.423568
0.425293
0.0512293
0.133208
0.446278
0.419261
0.439214
0.0490606
0.126964
0.427971
0.438944
0.409148
0.0493538
0.129998
0.409691
0.447054
0.40583
0.0509547
0.128887
0.431534
0.433139
0.415805
0.0484357
0.127425
0.431462
0.433905
0.413975
0.0489471
0.126866
0.428544
0.421789
0.444768
0.0490785
0.126206
0.425362
0.425968
0.433038
0.0484588
0.128867
0.428679
0.434049
0.43198
0.0486608
0.131859
0.453521
0.421852
0.423916
0.0478919
0.123814
0.416351
0.42904
0.400624
0.0474815
0.128483
0.434528
0.442715
0.430346
0.0491874
0.127355
0.435597
0.410711
0.4174
0.0480861
0.123101
0.44528
0.440857
0.422744
0.0491335
0.126081
0.439423
0.420904
0.437124
0.0464115
0.124304
0.432081
0.450028
0.399735
0.0497055
0.126366
0.414895
0.416557
0.434295
0.0494401
0.139472
0.485641
0.497305
0.392208
0.0525718
0.125853
0.421998
0.447183
0.444531
0.0509087
0.126579
0.413133
0.425621
0.436927
0.0490412
0.12831
0.366391
0.447534
0.417109
0.0423269
0.127722
0.410123
0.397917
0.437327
0.049739
0.124966
0.427803
0.40326
0.435216
0.0478477
0.130177
0.433772
0.413889
0.43066
0.0485909
0.13027
0.414417
0.430924
0.435518
0.0490562
0.121529
0.421261
0.426084
0.425206
0.0497258
0.128849
0.438976
0.420954
0.419569
0.0493532
0.126972
0.440033
0.41105
0.436103
0.0498277
0.128465
0.428629
0.443486
0.420639
0.0485908
0.127039
0.452279
0.448225
0.41027
0.0483185
0.128015
0.438445
0.448306
0.434431
0.0490362
0.123948
0.43481
0.436977
0.422039
0.0489784
0.12935
0.40662
0.43875
0.411981
0.0488287
0.13892
0.463075
0.443996
0.457343
0.0509397
0.126535
0.413708
0.440745
0.435033
0.0491306
0.131557
0.409504
0.435418
0.42752
0.0495898
0.119325
0.448541
0.46101
0.419822
0.0478728
0.122486
0.445585
0.433008
0.413837
0.0489834
0.124645
0.41554
0.406679
0.446843
0.0494313
0.131013
0.426251
0.41117
0.398405
0.0497087
0.127618
0.426151
0.438856
0.423579
0.0490021
0.133109
0.416522
0.416418
0.424659
0.0486593
0.126928
0.419542
0.417276
0.436249
0.0484232
0.127905
0.436877
0.412414
0.423996
0.0492863
0.125959
0.439689
0.444928
0.478303
0.0507278
0.128023
0.43953
0.425308
0.442465
0.0486534
0.127151
0.425343
0.443449
0.444661
0.0491258
0.128088
0.445056
0.429602
0.411107
0.0489094
0.126944
0.45189
0.429478
0.450912
0.0493619
0.130722
0.414883
0.429738
0.401364
0.0489406
0.12637
0.416939
0.461675
0.408478
0.0445455
0.125908
0.415794
0.420589
0.438221
0.0489315
0.1275
0.417726
0.42001
0.419534
0.0488005
0.126661
0.420937
0.419771
0.427108
0.0489415
0.121041
0.419293
0.418166
0.448355
0.0490941
0.12588
0.414993
0.458759
0.42843
0.0485092
0.129169
0.422204
0.44547
0.424504
0.0474416
0.122864
0.397827
0.402122
0.442966
0.0467843
0.127914
0.417155
0.418648
0.4482
0.0480974
0.128131
0.413034
0.419271
0.462478
0.0481121
0.13068
0.434281
0.421348
0.445197
0.0494437
0.127456
0.44993
0.438807
0.4136
0.0467964
0.128249
0.45114
0.443198
0.431228
0.0484671
0.129758
0.411123
0.441182
0.421961
0.0503665
0.127031
0.438346
0.405748
0.43666
0.049079
0.12484
0.434326
0.429868
0.409288
0.0482641
0.133073
0.349666
0.432158
0.391367
0.0508591
0.125068
0.447855
0.424413
0.443082
0.0468905
0.12736
0.434487
0.411466
0.439321
0.0486152
0.125083
0.411875
0.418059
0.390012
0.049128
0.124255
0.430021
0.456214
0.415584
0.0494536
0.127851
0.449195
0.451561
0.434233
0.0487661
0.133258
0.427161
0.443975
0.413434
0.0472549
0.12526
0.42806
0.4193
0.41184
0.0495907
