0.882025
0.683168
0.682343
0.698845
0.958091
0.886984
0.710232
0.715943
0.705933
0.959106
0.886371
0.695513
0.714286
0.715048
0.954359
0.888353
0.694325
0.694256
0.691768
0.95789
0.894382
0.705502
0.693635
0.702265
0.961464
0.8784
0.696937
0.698795
0.698795
0.960627
0.891602
0.698433
0.71881
0.70291
0.964754
0.893578
0.693731
0.691358
0.684156
0.948318
0.895094
0.709642
0.699892
0.706074
0.956101
0.885611
0.701832
0.698953
0.717801
0.959676
0.887137
0.708861
0.696203
0.69339
0.953527
0.879203
0.685106
0.70607
0.71383
0.953908
0.889875
0.695287
0.692172
0.713164
0.953364
0.891765
0.709163
0.697211
0.713147
0.952941
0.881076
0.705657
0.694755
0.707425
0.953201
0.885529
0.700746
0.699679
0.702269
0.953207
0.887024
0.701813
0.703749
0.695388
0.956956
0.890882
0.702007
0.701033
0.705126
0.953701
0.885664
0.693421
0.697697
0.699671
0.956703
0.884615
0.688259
0.701923
0.703591
0.946772
0.890219
0.727512
0.705702
0.717544
0.959667
0.884194
0.699631
0.695888
0.698811
0.955237
0.888995
0.702063
0.707981
0.705276
0.955958
0.899027
0.686673
0.711382
0.708333
0.952845
0.892005
0.679435
0.710262
0.714286
0.967184
0.881116
0.707209
0.702918
0.712517
0.955861
0.887296
0.708221
0.702277
0.695262
0.953733
0.861893
0.648649
0.684685
0.754545
0.948849
0.889635
0.710638
0.687943
0.696454
0.950882
0.892398
0.71766
0.696459
0.691962
0.957393
0.897569
0.754386
0.670588
0.701754
0.973958
0.889704
0.696286
0.708455
0.683673
0.963738
0.896854
0.688043
0.697826
0.694565
0.965294
0.885449
0.694685
0.706511
0.699682
0.95504
0.881051
0.720871
0.709347
0.702945
0.956473
0.891201
0.686039
0.716099
0.713618
0.954807
0.886252
0.692158
0.704289
0.704289
0.953801
0.887708
0.688077
0.710203
0.694761
0.953916
0.884996
0.700714
0.692883
0.702851
0.957122
0.893399
0.685338
0.695222
0.702303
0.96088
0.883833
0.692589
0.681779
0.704446
0.954798
0.887555
0.688226
0.711443
0.708955
0.957853
0.888709
0.709148
0.692729
0.704225
0.956733
0.879104
0.65641
0.620513
0.716495
0.944776
0.88682
0.697634
0.691235
0.703113
0.956573
0.883734
0.713256
0.692456
0.688462
0.950764
0.899699
0.694964
0.702158
0.719424
0.950474
0.887793
0.705965
0.693753
0.707512
0.951792
0.889166
0.690714
0.708589
0.704528
0.944104
0.882749
0.716692
0.728943
0.693721
0.950112
0.884719
0.710531
0.691934
0.70369
0.952697
0.879074
0.712986
0.710186
0.70119
0.959414
0.888671
0.703935
0.712003
0.701208
0.955175
0.890148
0.698177
0.716474
0.704548
0.955257
0.888664
0.704467
0.687285
0.696552
0.954453
0.885594
0.697931
0.699762
0.690785
0.957114
0.88849
0.701715
0.689814
0.694693
0.95214
0.885539
0.689948
0.687
0.708951
0.956458
0.880569
0.696942
0.688849
0.69667
0.958608
0.880603
0.708571
0.694286
0.681916
0.954317
0.877301
0.746479
0.687943
0.744681
0.9591
0.89004
0.704413
0.70495
0.69582
0.954848
0.886977
0.710684
0.69962
0.703022
0.955393
0.881164
0.718768
0.69916
0.68701
0.959901
0.893555
0.692223
0.682366
0.683807
0.957682
0.885213
0.711379
0.695783
0.70309
0.955788
0.888601
0.681287
0.703812
0.68915
0.960276
0.885496
0.713755
0.710037
0.654275
0.969466
0.881662
0.704
0.710154
0.694769
0.959682
0.884593
0.711185
0.70227
0.682471
0.957296
0.88411
0.697959
0.734694
0.636735
0.962963
0.882504
0.680352
0.677419
0.722222
0.968268
0.883201
0.684243
0.695466
0.69424
0.9533
0.880941
0.713568
0.680602
0.705686
0.957353
0.896797
0.685321
0.718349
0.695692
0.958653
0.890504
0.697785
0.702767
0.740506
0.964127
0.884921
0.763889
0.69863
0.794521
0.960317
0.90676
0.69509
0.69509
0.705426
0.963453
0.885524
0.690456
0.711574
0.687886
0.954583
0.894635
0.703344
0.740821
0.731392
0.946337
0.886759
0.696375
0.655068
0.750378
0.963442
0.885149
0.684978
0.684978
0.704367
0.958072
0.885507
0.704918
0.686323
0.716393
0.951414
0.885276
0.690217
0.700078
0.703733
0.955805
