0.00254247
0.0239734
0.0229805
0.0210678
0.000462935
0.00238886
0.0200224
0.0212269
0.0204734
0.000519386
0.00225894
0.0199307
0.0209619
0.0207108
0.000636614
0.00241025
0.0204373
0.0205727
0.0205203
0.000533019
0.00215268
0.0209382
0.022997
0.0234186
0.000485934
0.0027125
0.0224806
0.0228046
0.0209676
0.000596203
0.0024663
0.0232384
0.0196205
0.0214855
0.000482565
0.00209303
0.0203016
0.0228935
0.0220044
0.000687105
0.00211954
0.0215853
0.0215277
0.0210999
0.000594718
0.00230199
0.0229228
0.020323
0.0210898
0.000534859
0.00256359
0.0226689
0.0204467
0.0219628
0.000801557
0.00261263
0.0228532
0.0186108
0.0251645
0.000519834
0.00235702
0.0219438
0.0225883
0.0195476
0.000616928
0.0023481
0.0188455
0.0205587
0.0182411
0.000781934
0.00244181
0.0219321
0.0211416
0.0195211
0.000600944
0.00238703
0.0212144
0.021481
0.0201179
0.0006259
0.00232632
0.0213456
0.0213411
0.0233199
0.000548708
0.00232822
0.0232227
0.0217051
0.02143
0.000589278
0.00247689
0.0223392
0.0228354
0.0221627
0.00057713
0.00259344
0.0219615
0.0206209
0.0230629
0.000630228
0.00224076
0.0205909
0.0211142
0.0197092
0.000536737
0.00244908
0.021906
0.0227366
0.0221627
0.000589217
0.00236554
0.0226027
0.0201651
0.019892
0.000571671
0.00205186
0.0235352
0.0240152
0.0202186
0.00058857
0.00230483
0.0240049
0.0207676
0.0234479
0.000455005
0.00246824
0.0203476
0.0226591
0.0183883
0.000624574
0.00233268
0.0201436
0.0196504
0.0213083
0.000627965
0.0030682
0.0200782
0.0226415
0.0193188
0.000445932
0.00246338
0.019771
0.0214696
0.0217094
0.000607288
0.00224995
0.0191413
0.0204254
0.0202135
0.000615354
0.00229094
0.0187124
0.0195136
0.016929
0.000259862
0.00232544
0.0201403
0.0198472
0.0226604
0.000455363
0.00237487
0.0206539
0.0194899
0.0212577
0.000345141
0.00243868
0.0219208
0.0196935
0.0223849
0.000579323
0.00281996
0.0189683
0.0239374
0.0196933
0.000488103
0.0020509
0.0199767
0.0217475
0.0214878
0.000545359
0.00256741
0.0223707
0.0198412
0.0202941
0.000650695
0.00236919
0.022086
0.0205216
0.0232873
0.000638865
0.00250818
0.0214624
0.0227248
0.0202935
0.000567713
0.00212964
0.0227154
0.0212348
0.0215022
0.000501339
0.00244632
0.0221691
0.0234318
0.0212567
0.000606849
0.00229341
0.0215068
0.0206825
0.0231336
0.000537226
0.00252507
0.0193634
0.0212204
0.0202883
0.00053704
0.00259035
0.0219873
0.0232264
0.0216212
0.000546241
0.00222448
0.0201955
0.0227966
0.0212799
0.00060072
0.00245469
0.0199348
0.0209782
0.0203291
0.000681741
0.0019399
0.0230748
0.0246344
0.0200575
0.000651675
0.00238178
0.0224176
0.0233288
0.0204191
0.000581252
0.00221212
0.0217602
0.0201244
0.0220272
0.000749053
0.0023169
0.0198715
0.0192669
0.0208358
0.000656496
0.00246961
0.0210431
0.0231309
0.020541
0.000633628
0.00277616
0.0198831
0.0203249
0.0208511
0.000529126
0.00232167
0.0215688
0.0204407
0.0220644
0.000644266
0.00230543
0.022625
0.020219
0.0210963
0.000579929
0.00233826
0.0215398
0.0209694
0.0229451
0.000737725
0.00243715
0.0224095
0.0201146
0.0222858
0.000540468
0.0023752
0.0207437
0.0224789
0.0230674
0.000653848
0.00244174
0.0230457
0.0223353
0.0198722
0.000543166
0.00252004
0.0229746
0.0215233
0.023861
0.000556554
0.00277273
0.0204493
0.0201632
0.0211295
0.000580232
0.00192897
0.0181182
0.0157947
0.0208777
0.000612828
0.00229166
0.0204142
0.0201285
0.0222984
0.000597581
0.00223594
0.0210684
0.0197653
0.0202512
0.000599877
0.00248707
0.0210551
0.0200935
0.0217389
0.000594279
0.00213164
0.0204127
0.0191935
0.0244107
0.000601187
0.00223432
0.0206912
0.0231634
0.0205051
0.000576964
0.0029228
0.0231073
0.0209151
0.0208709
0.000274336
0.00210962
0.0223954
0.0199328
0.0215276
0.000314044
0.00282043
0.018705
0.0200267
0.0225498
0.000573948
0.00230372
0.0195257
0.0199248
0.0232724
0.000552854
0.00233865
0.0236961
0.0238725
0.02352
0.000395874
0.00240017
0.0224313
0.0193611
0.0237981
0.000392038
0.00244572
0.024035
0.0219282
0.0208533
0.000588542
0.002618
0.0192065
0.0230469
0.0206405
0.000522726
0.00232698
0.0235909
0.0190915
0.0208686
0.000535617
0.00206183
0.0222138
0.0209975
0.0191262
0.00053783
0.00279406
0.0166261
0.0191031
0.0213375
0.000688409
0.00225662
0.0272159
0.0198371
0.0225679
0.000417469
0.00242526
0.0216574
0.0202434
0.0225009
0.000592285
0.00234939
0.0227658
0.0182008
0.0190658
0.000721826
0.00257703
0.0201993
0.0240288
0.0220595
0.000495797
0.00239204
0.0250491
0.0214655
0.0223878
0.00054979
0.0027059
0.0206286
0.0229346
0.0198662
0.000600639
0.00241524
0.0209914
0.0220178
0.0192242
0.000511592
