0.0211261
0.0734056
0.0727014
0.0718024
0.0126557
0.021075
0.0708221
0.0715233
0.0694431
0.0132084
0.0213374
0.0699501
0.0717564
0.0706341
0.0140405
0.021177
0.0702251
0.0694844
0.0699172
0.0134214
0.021318
0.0703713
0.072562
0.0733781
0.0137858
0.0216363
0.0733422
0.0734252
0.0707687
0.0136556
0.0213953
0.0733635
0.0694538
0.0728964
0.0128017
0.0206642
0.0730474
0.0734223
0.0722166
0.0136186
0.0207834
0.0719543
0.0732537
0.0696258
0.0129175
0.0209394
0.0730992
0.0694597
0.0712398
0.0133991
0.0219848
0.0733578
0.0702232
0.0715293
0.0146394
0.0216221
0.0731505
0.0694699
0.0719179
0.0134429
0.0213215
0.0717588
0.0727217
0.0694324
0.0136172
0.0216503
0.0715613
0.0734054
0.0702318
0.0134262
0.021225
0.0726065
0.0729805
0.069448
0.0134458
0.0211582
0.0714332
0.0720599
0.0694291
0.0135803
0.02122
0.071523
0.0715142
0.0734262
0.0134776
0.0212877
0.0734256
0.0722976
0.0713573
0.0137025
0.0215732
0.0715965
0.0734116
0.0729662
0.0133889
0.0219789
0.0734021
0.0701138
0.0731911
0.0132706
0.0206098
0.0695496
0.0704546
0.0695034
0.0136178
0.0214461
0.0716476
0.0734266
0.0723825
0.0138167
0.0212463
0.0734269
0.0697536
0.0702501
0.0135504
0.0204701
0.0734066
0.0717704
0.0710402
0.013932
0.021099
0.0733431
0.0725147
0.0733087
0.0125503
0.0209705
0.0722308
0.0731418
0.0694997
0.013882
0.0210737
0.0694786
0.0694296
0.0722246
0.0138397
0.0227968
0.0711659
0.0725593
0.0702738
0.0139487
0.0207065
0.069575
0.0715856
0.0716481
0.0140234
0.0211264
0.0695186
0.0713575
0.0711552
0.013129
0.0224643
0.0699999
0.0698703
0.0701685
0.0119556
0.0213433
0.0704517
0.0694855
0.0710945
0.0129622
0.021031
0.0704334
0.0699826
0.0694712
0.0125201
0.0214761
0.0725127
0.0694439
0.072058
0.013638
0.0217503
0.0703534
0.07341
0.069919
0.0131389
0.0201422
0.0694867
0.0732812
0.0714247
0.013658
0.0215562
0.0729006
0.0699554
0.0694406
0.0136363
0.0212901
0.0734284
0.0699167
0.0726995
0.0139766
0.0214903
0.0713803
0.0734254
0.0698911
0.0134285
0.0210031
0.0733773
0.0731605
0.0698901
0.0133493
0.0213143
0.0719843
0.0734246
0.0725735
0.0136535
0.0205316
0.0702948
0.0700936
0.0734019
0.0136282
0.0216394
0.0711832
0.0728229
0.069464
0.0129692
0.0208238
0.0716953
0.0705495
0.0731869
0.0131696
0.0208562
0.0694709
0.0726507
0.0726351
0.0136718
0.0213228
0.0698667
0.0712049
0.0695068
0.0140589
0.0200875
0.0722482
0.0733478
0.0706239
0.0131611
0.021178
0.0734073
0.0721514
0.0703474
0.014427
0.0209497
0.0717197
0.0699092
0.0734234
0.0140844
0.0215695
0.0695605
0.0698413
0.0707043
0.0142332
0.0214121
0.071248
0.0734211
0.0711652
0.0137502
0.0220449
0.0695213
0.0696723
0.0708588
0.0133217
0.020888
0.0708292
0.06943
0.0712099
0.0133671
0.0211822
0.0727849
0.0694423
0.0706123
0.0140163
0.0210158
0.0731643
0.0696737
0.0696468
0.0136291
0.0214357
0.0725402
0.0694843
0.07342
0.0133305
0.0211858
0.070352
0.0729224
0.0734269
0.0137793
0.0213774
0.0734036
0.0720822
0.0694659
0.0136903
0.0214378
0.072538
0.0715101
0.0734069
0.0133213
0.0219824
0.0706456
0.0697533
0.0694856
0.0138709
0.0202871
0.0697414
0.0700477
0.071655
0.0131793
0.021041
0.0699863
0.0701347
0.0734258
0.0135582
0.0211954
0.0709074
0.0694733
0.0707593
0.0136677
0.0208007
0.0694439
0.0694537
0.0718657
0.0130527
0.0213258
0.0694559
0.0707237
0.0733137
0.0132369
0.0212352
0.0718869
0.0734281
0.0694942
0.0147864
0.022257
0.0720823
0.073258
0.0701915
0.0124944
0.0208389
0.0702017
0.0701204
0.0733974
0.0125581
0.0216606
0.0694773
0.0696276
0.0733729
0.0143034
0.0211851
0.0695513
0.0714034
0.0734278
0.0132487
0.0210346
0.0696035
0.0730293
0.0715616
0.0123158
0.0215517
0.073344
0.0703242
0.0715527
0.0128732
0.0216199
0.0734129
0.0714437
0.0732203
0.0138487
0.0213411
0.0697735
0.0713624
0.0700468
0.0145184
0.0213578
0.073398
0.070667
0.072226
0.0138789
0.0209525
0.071377
0.0704083
0.0694461
0.0131756
0.0219129
0.0734152
0.0729646
0.0729415
0.0134806
0.0216865
0.0725943
0.0706927
0.0694864
0.0139103
0.0213053
0.0720969
0.0694311
0.0723868
0.0135171
0.0214391
0.0733042
0.0695619
0.0700359
0.0143968
0.0209739
0.0715802
0.0734109
0.0713465
0.0132087
0.021777
0.0733905
0.0712379
0.0714252
0.0138178
0.0214075
0.0724864
0.0732004
0.0694394
0.014812
0.0216347
0.0727381
0.070586
0.0694571
0.0131331
