0.0152454
0.147747
0.139985
0.126453
0.00177955
0.0142407
0.115406
0.12607
0.125753
0.00191061
0.0135911
0.122926
0.125407
0.119428
0.00237992
0.0144604
0.124928
0.125072
0.125158
0.00201842
0.0130563
0.124404
0.145871
0.138549
0.00180883
0.0161369
0.128654
0.130779
0.124668
0.00220084
0.0146639
0.13626
0.11738
0.13
0.00178977
0.0125425
0.120702
0.140069
0.127203
0.00257977
0.0129292
0.123169
0.130343
0.128544
0.00226682
0.0140166
0.133686
0.127478
0.122302
0.00200603
0.0155831
0.136491
0.123329
0.130585
0.0030444
0.0160957
0.139548
0.112267
0.153684
0.0019453
0.0140355
0.130873
0.136341
0.115176
0.00230805
0.0140991
0.107891
0.125206
0.105152
0.00296757
0.0148278
0.130352
0.125476
0.116866
0.00223164
0.0143758
0.128125
0.129347
0.119954
0.00233675
0.0139081
0.127896
0.125854
0.141257
0.00205829
0.0138031
0.134531
0.127884
0.13005
0.00219619
0.0147956
0.133755
0.135015
0.131209
0.00214969
0.015559
0.135678
0.124063
0.133563
0.00233817
0.0134614
0.123171
0.128577
0.113606
0.00197218
0.0146724
0.132856
0.137085
0.131767
0.00220744
0.0141796
0.134085
0.118733
0.118191
0.00212058
0.0123393
0.142763
0.147516
0.120316
0.00218948
0.0137729
0.143821
0.120543
0.140621
0.00168262
0.0146306
0.121718
0.141123
0.106118
0.00233534
0.0139877
0.120288
0.117896
0.128129
0.00235888
0.0187714
0.137015
0.15518
0.116945
0.0016807
0.0149723
0.118768
0.134241
0.134693
0.00230398
0.0134806
0.113653
0.12183
0.12412
0.00229856
0.0130852
0.0979437
0.124048
0.101321
0.000920001
0.0139159
0.117158
0.113489
0.139186
0.00174733
0.0141114
0.125449
0.112307
0.13454
0.00131902
0.0147821
0.131146
0.117375
0.133785
0.00215319
0.0168897
0.111733
0.140515
0.122667
0.00182242
0.0123742
0.121309
0.12644
0.127921
0.00205329
0.0153463
0.1347
0.119394
0.122611
0.00243461
0.0141297
0.132346
0.120649
0.139693
0.00239585
0.0149934
0.128879
0.137257
0.122136
0.00211955
0.0128813
0.140012
0.130097
0.126249
0.00181462
0.0146927
0.135029
0.143067
0.127245
0.00226379
0.0138452
0.133031
0.128939
0.133011
0.00201268
0.0150937
0.110497
0.127851
0.120275
0.00202194
0.0172807
0.145128
0.161966
0.13511
0.00211284
0.013496
0.120769
0.138299
0.127635
0.0022394
0.0151449
0.116748
0.128197
0.124992
0.00254529
0.0115236
0.144335
0.154834
0.119211
0.00245202
0.0137754
0.136076
0.14
0.120113
0.0021731
0.0131615
0.125791
0.117068
0.134054
0.00277536
0.0140728
0.122507
0.113429
0.117406
0.00246754
0.0147192
0.125864
0.138259
0.122285
0.00235957
0.0167627
0.119478
0.121561
0.124961
0.00196631
0.0141078
0.127759
0.123057
0.135172
0.00239912
0.013921
0.135802
0.12008
0.126674
0.0021572
0.0140144
0.129446
0.133847
0.156215
0.00274583
0.0145556
0.135782
0.12312
0.134305
0.0020196
0.0142553
0.125415
0.136704
0.139691
0.00245131
0.0146302
0.13973
0.133112
0.117596
0.00202212
0.0149224
0.143125
0.129266
0.146569
0.00206231
0.0164885
0.120094
0.124222
0.122049
0.00215466
0.0120157
0.108317
0.107927
0.118229
0.00207133
0.0137131
0.121273
0.120708
0.133082
0.00223665
0.0134502
0.124117
0.119712
0.12007
0.00223911
0.0151444
0.127602
0.121408
0.129197
0.00222688
0.0120988
0.123088
0.113485
0.149285
0.00222973
0.0132448
0.119447
0.144684
0.126748
0.00212758
0.0169626
0.135345
0.127181
0.125801
0.00104166
0.0124382
0.126913
0.113938
0.129923
0.00116995
0.0166522
0.112183
0.120414
0.137745
0.00212897
0.0139333
0.115954
0.117011
0.146579
0.00204884
0.0145291
0.147105
0.137405
0.145308
0.0015893
0.0141945
0.137605
0.120433
0.137562
0.00142513
0.014508
0.147691
0.135993
0.122815
0.00219359
0.0159179
0.113169
0.142482
0.124338
0.00196614
0.0138403
0.140889
0.109618
0.126166
0.00198088
0.0122848
0.13517
0.128197
0.112722
0.00197015
0.0169678
0.0791878
0.113145
0.114486
0.0025972
0.0130141
0.168203
0.119094
0.143506
0.00149405
0.0144978
0.13051
0.119952
0.136559
0.00221116
0.0137071
0.127861
0.109915
0.106173
0.00264956
0.015267
0.121348
0.149327
0.128494
0.00185628
0.0140434
0.153334
0.136065
0.136108
0.00204565
0.0168438
0.121564
0.139103
0.118086
0.00217032
0.0139837
0.12358
0.130792
0.113988
0.00193178
