0.086902
0.004446
0.002884
0.078946
0.128535
0.029619
0.003613
0.093612
0.016311
0.004360
0.030059
0.160191
0.058531
0.035101
0.085202
0.077067
0.066734
0.075030
0.010672
0.006991
0.045518
0.026500
0.004702
0.090411
0.049040
0.064804
0.050936
0.021904
0.078010
0.039575
0.009430
0.005814
0.005920
0.057286
0.004560
0.024298
0.037214
0.057835
0.024599
0.008849
0.032311
0.025216
0.004863
0.237161
0.153648
0.075002
0.038676
0.024686
0.033704
0.028577
0.011079
0.001519
0.097340
0.056153
0.020238
0.129351
0.069173
0.251446
0.214678
0.167825
0.090301
0.155355
0.102862
0.051353
0.011620
0.060790
0.021913
0.079803
0.044614
0.009323
0.107312
0.000254
0.004316
0.029949
0.160248
0.060357
0.042285
0.006161
0.040917
0.018530
0.088177
0.041311
