0.000000
0.000000
0.004895
0.000000
0.000000
0.025283
0.000000
0.000000
0.029884
0.000000
0.000000
0.000000
0.000000
0.000000
0.000000
0.022990
0.094540
0.000000
0.001040
0.000000
0.000000
0.000000
0.000000
0.000000
0.011690
0.000000
0.032894
0.000000
0.000000
0.000000
0.000000
0.000000
0.000000
0.000000
0.000000
0.000000
0.000000
0.000000
0.000000
0.000000
0.000000
0.000000
0.000000
0.000000
0.006032
0.071403
0.000000
0.000000
0.000000
0.000000
0.000000
0.016033
0.000000
0.000000
0.000000
0.000000
0.040227
0.000000
0.000000
0.188559
0.209188
0.006152
0.089137
0.148762
0.000000
0.000000
0.000000
0.000000
0.000000
0.022780
0.000000
0.000000
0.000000
0.000000
0.000000
0.000000
0.000000
0.000000
0.000000
0.000000
0.000000
0.010185
