0.059369
0.008414
0.028672
0.108539
0.075510
0.060466
0.038146
0.101991
0.029273
0.088421
0.047916
0.171078
0.109836
0.036526
0.175037
0.093852
0.030944
0.010571
0.069397
0.007960
0.006923
0.030013
0.039288
0.011372
0.019467
0.005499
0.064082
0.026216
0.106540
0.100720
0.021306
0.054587
0.099579
0.095893
0.028926
0.085528
0.037627
0.113480
0.100943
0.036110
0.025818
0.022620
0.054210
0.059516
0.012346
0.002559
0.020037
0.037962
0.012440
0.038153
0.012439
0.036449
0.006587
0.004285
0.024058
0.021362
0.104969
0.017301
0.097516
0.036095
0.022714
0.041389
0.004830
0.033241
0.004449
0.007549
0.003871
0.010281
0.029405
0.264258
0.201652
0.245557
0.256043
0.137751
0.177246
0.090004
0.082116
0.005062
0.008994
0.006465
0.014119
0.024263
0.004861
