0.000000
0.027476
0.016551
0.000000
0.000000
0.000000
0.010994
0.000000
0.000000
0.000000
0.221202
0.031134
0.000000
0.008810
0.000000
0.022705
0.000000
0.033075
0.000000
0.000000
0.000000
0.000000
0.000000
0.000000
0.000000
0.000000
0.000000
0.025306
0.000000
0.062422
0.000000
0.000000
0.000000
0.011271
0.000000
0.000000
0.163406
0.025408
0.066045
0.083837
0.016437
0.000000
0.000000
0.000000
0.000000
0.000000
0.000000
0.000000
0.000000
0.000000
0.000000
0.000000
0.000000
0.000000
0.000000
0.040202
0.000000
0.000000
0.000000
0.000000
0.000000
0.000000
0.000000
0.000000
0.000000
0.000000
0.000000
0.000000
0.000000
0.000000
0.172127
0.096104
0.026384
0.075006
0.000000
0.000000
0.015607
0.000000
0.000000
0.000000
0.000000
0.000000
0.000000
