0.000000
0.000000
0.000000
0.000000
0.000000
0.000000
0.000000
0.055488
0.000000
0.000000
0.000000
0.000000
0.000000
0.094282
0.000000
0.000000
0.000000
0.002131
0.000000
0.000000
0.000000
0.000000
0.000000
0.033767
0.000561
0.000000
0.077061
0.108562
0.013910
0.033029
0.000000
0.139783
0.000000
0.067612
0.054020
0.000000
0.081051
0.000000
0.000000
0.109369
0.109892
0.021051
0.003155
0.016031
0.000000
0.000000
0.000000
0.000000
0.000000
0.000000
0.000000
0.000000
0.000000
0.000000
0.000000
0.000000
0.037778
0.000000
0.000000
0.000000
0.000000
0.000000
0.000000
0.000000
0.000000
0.000000
0.005018
0.000000
0.000000
0.000000
0.000000
0.011567
0.000000
0.000000
0.000000
0.044919
0.027736
0.012402
0.033294
0.000000
0.000000
0.000000
