0.153275
0.106271
0.060764
0.017456
0.028792
0.183339
0.118609
0.049701
0.098906
0.007354
0.003392
0.008873
0.024331
0.002290
0.048637
0.005118
0.214292
0.196621
0.023435
0.101870
0.094892
0.016007
0.246511
0.136740
0.047519
0.052164
0.045425
0.098763
0.110864
0.027430
0.062762
0.022209
0.011070
0.001576
0.001571
0.017209
0.014885
0.010724
0.138655
0.059476
0.143951
0.160430
0.115816
0.102836
0.005010
0.005459
0.071867
0.051609
0.000032
0.011782
0.014641
0.050201
0.036388
0.025513
0.068305
0.102939
0.089007
0.020025
0.011649
0.016205
0.078136
0.014463
0.024978
0.005188
0.002696
0.027930
0.004787
0.063838
0.031451
0.018683
0.055249
0.035659
0.012436
0.031027
0.078587
0.029276
0.031976
0.053314
0.026011
0.140666
0.015348
0.006732
